Model name:            AMD EPYC 7451 24-Core Processor
CPU MHz:               1800.000
-------------------------
Compiled for Zen with -O1:
TRIAD a[i] = b[i]+c[i]*d[i], 32 byte/it, 2 Flop/it
Size (KByte) |   runtime  |  MFlop/s  |  MB/s   |  MLUP/s | repeat | size
         1.5 | 0.23268390 |  1712.447 | 26129.9 |   856.2 | 1048576 |  190 
         2.0 | 0.29919195 |  1731.318 | 26417.8 |   865.7 | 1048576 |  247 
         2.6 | 0.38496494 |  1748.694 | 26682.9 |   874.3 | 1048576 |  321 
         3.3 | 0.24870205 |  1758.153 | 26827.3 |   879.1 |  524288 |  417 
         4.3 | 0.32158995 |  1767.245 | 26966.0 |   883.6 |  524288 |  542 
         5.6 | 0.20829487 |  1774.518 | 27077.0 |   887.3 |  262144 |  705 
         7.3 | 0.27012300 |  1779.827 | 27158.0 |   889.9 |  262144 |  917 
         9.5 | 0.35023308 |  1784.387 | 27227.6 |   892.2 |  262144 | 1192 
        12.4 | 0.22738504 |  1786.939 | 27266.5 |   893.5 |  131072 | 1550 
        16.1 | 0.29526806 |  1788.951 | 27297.2 |   894.5 |  131072 | 2015 
        21.0 | 0.38312793 |  1791.974 | 27343.3 |   896.0 |  131072 | 2619 
        27.2 | 0.24887609 |  1793.262 | 27363.0 |   896.6 |   65536 | 3405 
        35.4 | 0.32331610 |  1794.701 | 27385.0 |   897.4 |   65536 | 4427 
        46.0 | 0.21008182 |  1795.611 | 27398.8 |   897.8 |   32768 | 5756 
        59.9 | 0.27300215 |  1796.104 | 27406.4 |   898.1 |   32768 | 7482 
        77.8 | 0.35507417 |  1795.311 | 27394.3 |   897.7 |   32768 | 9727 
Compiled for Zen with -O2:
TRIAD a[i] = b[i]+c[i]*d[i], 32 byte/it, 2 Flop/it
Size (KByte) |   runtime  |  MFlop/s  |  MB/s   |  MLUP/s | repeat | size
         1.5 | 0.23150015 |  1721.204 | 26263.5 |   860.6 | 1048576 |  190 
         2.0 | 0.29795289 |  1738.518 | 26527.7 |   869.3 | 1048576 |  247 
         2.6 | 0.38367701 |  1754.564 | 26772.5 |   877.3 | 1048576 |  321 
         3.3 | 0.24808598 |  1762.519 | 26893.9 |   881.3 |  524288 |  417 
         4.3 | 0.32102013 |  1770.382 | 27013.9 |   885.2 |  524288 |  542 
         5.6 | 0.20801115 |  1776.939 | 27113.9 |   888.5 |  262144 |  705 
         7.3 | 0.26995492 |  1780.935 | 27174.9 |   890.5 |  262144 |  917 
         9.5 | 0.35000396 |  1785.555 | 27245.4 |   892.8 |  262144 | 1192 
        12.4 | 0.22717619 |  1788.582 | 27291.6 |   894.3 |  131072 | 1550 
        16.1 | 0.29493499 |  1790.972 | 27328.1 |   895.5 |  131072 | 2015 
        21.0 | 0.38298297 |  1792.652 | 27353.7 |   896.3 |  131072 | 2619 
        27.2 | 0.24880409 |  1793.781 | 27370.9 |   896.9 |   65536 | 3405 
        35.4 | 0.32330799 |  1794.746 | 27385.7 |   897.4 |   65536 | 4427 
        46.0 | 0.21012592 |  1795.234 | 27393.1 |   897.6 |   32768 | 5756 
        59.9 | 0.27299285 |  1796.166 | 27407.3 |   898.1 |   32768 | 7482 
        77.8 | 0.35580277 |  1791.635 | 27338.2 |   895.8 |   32768 | 9727 
Compiled for Zen with -O3:
TRIAD a[i] = b[i]+c[i]*d[i], 32 byte/it, 2 Flop/it
Size (KByte) |   runtime  |  MFlop/s  |  MB/s   |  MLUP/s | repeat | size
         1.5 | 0.29114199 |  2737.213 | 41766.6 |  1368.6 | 2097152 |  190 
         2.0 | 0.35658717 |  2905.301 | 44331.4 |  1452.7 | 2097152 |  247 
         2.6 | 0.22170210 |  3036.443 | 46332.4 |  1518.2 | 1048576 |  321 
         3.3 | 0.27827501 |  3142.619 | 47952.6 |  1571.3 | 1048576 |  417 
         4.3 | 0.35279894 |  3221.825 | 49161.1 |  1610.9 | 1048576 |  542 
         5.6 | 0.22277403 |  3318.367 | 50634.3 |  1659.2 |  524288 |  705 
         7.3 | 0.28470397 |  3377.347 | 51534.2 |  1688.7 |  524288 |  917 
         9.5 | 0.37871099 |  3300.413 | 50360.3 |  1650.2 |  524288 | 1192 
        12.4 | 0.24425006 |  3327.108 | 50767.6 |  1663.6 |  262144 | 1550 
        16.1 | 0.31462693 |  3357.756 | 51235.3 |  1678.9 |  262144 | 2015 
        21.0 | 0.39981699 |  3434.347 | 52404.0 |  1717.2 |  262144 | 2619 
        27.2 | 0.25693798 |  3473.991 | 53008.9 |  1737.0 |  131072 | 3405 
        35.4 | 0.33365798 |  3478.147 | 53072.3 |  1739.1 |  131072 | 4427 
        46.0 | 0.21549797 |  3500.963 | 53420.5 |  1750.5 |   65536 | 5756 
        59.9 | 0.28000593 |  3502.357 | 53441.7 |  1751.2 |   65536 | 7482 
        77.8 | 0.36114597 |  3530.255 | 53867.4 |  1765.1 |   65536 | 9727 

Compiled for SKL with -O1
TRIAD a[i] = b[i]+c[i]*d[i], 32 byte/it, 2 Flop/it
Size (KByte) |   runtime  |  MFlop/s  |  MB/s   |  MLUP/s | repeat | size
         1.5 | 0.23265314 |  1712.674 | 26133.3 |   856.3 | 1048576 |  190 
         2.0 | 0.29923201 |  1731.087 | 26414.3 |   865.5 | 1048576 |  247 
         2.6 | 0.38479710 |  1749.457 | 26694.6 |   874.7 | 1048576 |  321 
         3.3 | 0.24866199 |  1758.436 | 26831.6 |   879.2 |  524288 |  417 
         4.3 | 0.32154107 |  1767.514 | 26970.1 |   883.8 |  524288 |  542 
         5.6 | 0.20830011 |  1774.474 | 27076.3 |   887.2 |  262144 |  705 
         7.3 | 0.27008700 |  1780.064 | 27161.6 |   890.0 |  262144 |  917 
         9.5 | 0.35033298 |  1783.878 | 27219.8 |   891.9 |  262144 | 1192 
        12.4 | 0.22743797 |  1786.523 | 27260.2 |   893.3 |  131072 | 1550 
        16.1 | 0.29507995 |  1790.092 | 27314.6 |   895.0 |  131072 | 2015 
        21.0 | 0.38310814 |  1792.066 | 27344.8 |   896.0 |  131072 | 2619 
        27.2 | 0.24885106 |  1793.443 | 27365.8 |   896.7 |   65536 | 3405 
        35.4 | 0.32333302 |  1794.607 | 27383.5 |   897.3 |   65536 | 4427 
        46.0 | 0.21007586 |  1795.662 | 27399.6 |   897.8 |   32768 | 5756 
        59.9 | 0.27304602 |  1795.816 | 27402.0 |   897.9 |   32768 | 7482 
        77.8 | 0.35525298 |  1794.408 | 27380.5 |   897.2 |   32768 | 9727 
Compiled for SKL with -O2
TRIAD a[i] = b[i]+c[i]*d[i], 32 byte/it, 2 Flop/it
Size (KByte) |   runtime  |  MFlop/s  |  MB/s   |  MLUP/s | repeat | size
         1.5 | 0.23203897 |  1717.207 | 26202.5 |   858.6 | 1048576 |  190 
         2.0 | 0.29848289 |  1735.431 | 26480.6 |   867.7 | 1048576 |  247 
         2.6 | 0.38422298 |  1752.071 | 26734.5 |   876.0 | 1048576 |  321 
         3.3 | 0.24836898 |  1760.510 | 26863.3 |   880.3 |  524288 |  417 
         4.3 | 0.32124901 |  1769.120 | 26994.6 |   884.6 |  524288 |  542 
         5.6 | 0.20824194 |  1774.969 | 27083.9 |   887.5 |  262144 |  705 
         7.3 | 0.27008605 |  1780.070 | 27161.7 |   890.0 |  262144 |  917 
         9.5 | 0.35010910 |  1785.019 | 27237.2 |   892.5 |  262144 | 1192 
        12.4 | 0.22722697 |  1788.182 | 27285.5 |   894.1 |  131072 | 1550 
        16.1 | 0.29502392 |  1790.432 | 27319.8 |   895.2 |  131072 | 2015 
        21.0 | 0.38302898 |  1792.437 | 27350.4 |   896.2 |  131072 | 2619 
        27.2 | 0.24879503 |  1793.847 | 27371.9 |   896.9 |   65536 | 3405 
        35.4 | 0.32344508 |  1793.985 | 27374.0 |   897.0 |   65536 | 4427 
        46.0 | 0.21007681 |  1795.654 | 27399.5 |   897.8 |   32768 | 5756 
        59.9 | 0.27296615 |  1796.341 | 27410.0 |   898.2 |   32768 | 7482 
        77.8 | 0.35479999 |  1796.699 | 27415.4 |   898.3 |   32768 | 9727 
Compiled for SKL with -O3
TRIAD a[i] = b[i]+c[i]*d[i], 32 byte/it, 2 Flop/it
Size (KByte) |   runtime  |  MFlop/s  |  MB/s   |  MLUP/s | repeat | size
         1.5 | 0.25096202 |  3175.452 | 48453.5 |  1587.7 | 2097152 |  190 
         2.0 | 0.31678987 |  3270.285 | 49900.6 |  1635.1 | 2097152 |  247 
         2.6 | 0.20231104 |  3327.479 | 50773.3 |  1663.7 | 1048576 |  321 
         3.3 | 0.25846410 |  3383.497 | 51628.1 |  1691.7 | 1048576 |  417 
         4.3 | 0.33118701 |  3432.068 | 52369.2 |  1716.0 | 1048576 |  542 
         5.6 | 0.21309400 |  3469.108 | 52934.4 |  1734.6 |  524288 |  705 
         7.3 | 0.27487397 |  3498.127 | 53377.2 |  1749.1 |  524288 |  917 
         9.5 | 0.36088204 |  3463.466 | 52848.3 |  1731.7 |  524288 | 1192 
        12.4 | 0.24578691 |  3306.305 | 50450.2 |  1653.2 |  262144 | 1550 
        16.1 | 0.29913306 |  3531.674 | 53889.1 |  1765.8 |  262144 | 2015 
        21.0 | 0.38688517 |  3549.142 | 54155.6 |  1774.6 |  262144 | 2619 
        27.2 | 0.25098586 |  3556.377 | 54266.0 |  1778.2 |  131072 | 3405 
        35.4 | 0.32575011 |  3562.582 | 54360.7 |  1781.3 |  131072 | 4427 
        46.0 | 0.21091199 |  3577.087 | 54582.0 |  1788.5 |   65536 | 5756 
        59.9 | 0.27413297 |  3577.391 | 54586.6 |  1788.7 |   65536 | 7482 
        77.8 | 0.36648011 |  3478.872 | 53083.4 |  1739.4 |   65536 | 9727 
